0.200000
0.800000 7511
0.810000 7370
0.820000 7232
0.830000 7097
0.840000 6965
0.850000 6836
0.860000 6710
0.870000 6587
0.880000 6466
0.890000 6347
0.900000 6231
0.910000 6117
0.920000 6006
0.930000 5897
0.940000 5789
0.950000 5684
0.960000 5581
0.970000 5480
0.980000 5380
0.990000 5283
1.000000 5187
1.010000 5093
1.020000 5001
1.030000 4910
1.040000 4821
1.050000 4733
1.060000 4647
1.070000 4562
1.080000 4479
1.090000 4397
1.100000 4317
1.110000 4237
1.120000 4159
1.130000 4083
1.140000 4007
1.150000 3933
1.160000 3859
1.170000 3787
1.180000 3716
1.190000 3646
1.200000 3577
1.210000 3509
1.220000 3442
1.230000 3377
1.240000 3311
1.250000 3247
1.260000 3184
1.270000 3122
1.280000 3060
1.290000 3000
1.300000 2940
1.310000 2881
1.320000 2822
1.330000 2765
1.340000 2708
1.350000 2652
1.360000 2597
1.370000 2542
1.380000 2488
1.390000 2435
1.400000 2382
1.410000 2330
1.420000 2278
1.430000 2228
1.440000 2177
1.450000 2128
1.460000 2079
1.470000 2030
1.480000 1982
1.490000 1935
1.500000 1888
1.510000 1841
1.520000 1795
1.530000 1750
1.540000 1705
1.550000 1660
1.560000 1616
1.570000 1573
1.580000 1529
1.590000 1487
1.600000 1444
1.610000 1402
1.620000 1361
1.630000 1320
1.640000 1279
1.650000 1238
1.660000 1198
1.670000 1158
1.680000 1119
1.690000 1080
1.700000 1041
1.710000 1002
1.720000 964
1.730000 926
1.740000 888
1.750000 850
1.760000 813
1.770000 776
1.780000 739
1.790000 702
1.800000 665
1.810000 628
1.820000 591
1.830000 554
1.840000 517
1.850000 480
1.860000 442
1.870000 404
1.880000 364
1.890000 322
1.900000 276
1.910000 226
1.920000 256
1.930000 273
1.940000 316
1.950000 370
1.960000 466
1.970000 602
1.980000 907
1.990000 1803
0.250000
0.800000 4998
0.810000 4904
0.820000 4812
0.830000 4722
0.840000 4634
0.850000 4547
0.860000 4463
0.870000 4381
0.880000 4300
0.890000 4221
0.900000 4143
0.910000 4067
0.920000 3993
0.930000 3920
0.940000 3849
0.950000 3778
0.960000 3710
0.970000 3642
0.980000 3576
0.990000 3511
1.000000 3447
1.010000 3384
1.020000 3323
1.030000 3262
1.040000 3203
1.050000 3144
1.060000 3087
1.070000 3030
1.080000 2975
1.090000 2920
1.100000 2866
1.110000 2814
1.120000 2762
1.130000 2710
1.140000 2660
1.150000 2611
1.160000 2562
1.170000 2514
1.180000 2466
1.190000 2420
1.200000 2374
1.210000 2329
1.220000 2284
1.230000 2240
1.240000 2197
1.250000 2154
1.260000 2112
1.270000 2070
1.280000 2029
1.290000 1989
1.300000 1949
1.310000 1910
1.320000 1871
1.330000 1833
1.340000 1795
1.350000 1757
1.360000 1721
1.370000 1684
1.380000 1648
1.390000 1613
1.400000 1578
1.410000 1543
1.420000 1509
1.430000 1475
1.440000 1441
1.450000 1408
1.460000 1376
1.470000 1343
1.480000 1311
1.490000 1280
1.500000 1249
1.510000 1218
1.520000 1187
1.530000 1157
1.540000 1127
1.550000 1097
1.560000 1068
1.570000 1039
1.580000 1010
1.590000 981
1.600000 953
1.610000 925
1.620000 897
1.630000 870
1.640000 843
1.650000 816
1.660000 789
1.670000 762
1.680000 736
1.690000 710
1.700000 684
1.710000 658
1.720000 632
1.730000 606
1.740000 581
1.750000 556
1.760000 531
1.770000 505
1.780000 480
1.790000 455
1.800000 430
1.810000 405
1.820000 380
1.830000 354
1.840000 328
1.850000 302
1.860000 274
1.870000 245
1.880000 212
1.890000 184
1.900000 204
1.910000 217
1.920000 238
1.930000 265
1.940000 305
1.950000 373
1.960000 481
1.970000 593
1.980000 887
1.990000 1796
0.500000
0.800000 1398
0.810000 1372
0.820000 1346
0.830000 1320
0.840000 1295
0.850000 1271
0.860000 1247
0.870000 1224
0.880000 1201
0.890000 1179
0.900000 1157
0.910000 1135
0.920000 1114
0.930000 1094
0.940000 1073
0.950000 1054
0.960000 1034
0.970000 1015
0.980000 996
0.990000 978
1.000000 960
1.010000 942
1.020000 925
1.030000 908
1.040000 891
1.050000 875
1.060000 859
1.070000 843
1.080000 827
1.090000 812
1.100000 797
1.110000 782
1.120000 767
1.130000 753
1.140000 738
1.150000 724
1.160000 711
1.170000 697
1.180000 684
1.190000 671
1.200000 658
1.210000 645
1.220000 632
1.230000 620
1.240000 608
1.250000 596
1.260000 584
1.270000 572
1.280000 561
1.290000 549
1.300000 538
1.310000 527
1.320000 516
1.330000 505
1.340000 495
1.350000 484
1.360000 474
1.370000 463
1.380000 453
1.390000 443
1.400000 433
1.410000 423
1.420000 414
1.430000 404
1.440000 395
1.450000 385
1.460000 376
1.470000 367
1.480000 358
1.490000 349
1.500000 340
1.510000 331
1.520000 322
1.530000 314
1.540000 305
1.550000 297
1.560000 288
1.570000 280
1.580000 272
1.590000 263
1.600000 255
1.610000 247
1.620000 239
1.630000 231
1.640000 223
1.650000 215
1.660000 207
1.670000 199
1.680000 191
1.690000 183
1.700000 175
1.710000 167
1.720000 159
1.730000 151
1.740000 142
1.750000 133
1.760000 124
1.770000 115
1.780000 103
1.790000 89
1.800000 96
1.810000 102
1.820000 108
1.830000 109
1.840000 114
1.850000 123
1.860000 132
1.870000 137
1.880000 149
1.890000 163
1.900000 186
1.910000 191
1.920000 219
1.930000 248
1.940000 296
1.950000 358
1.960000 435
1.970000 592
1.980000 886
1.990000 1737
1.000000
0.800000 387
0.810000 380
0.820000 372
0.830000 365
0.840000 358
0.850000 351
0.860000 345
0.870000 338
0.880000 332
0.890000 326
0.900000 319
0.910000 313
0.920000 307
0.930000 302
0.940000 296
0.950000 290
0.960000 285
0.970000 280
0.980000 274
0.990000 269
1.000000 264
1.010000 259
1.020000 254
1.030000 249
1.040000 245
1.050000 240
1.060000 236
1.070000 231
1.080000 227
1.090000 222
1.100000 218
1.110000 214
1.120000 210
1.130000 206
1.140000 202
1.150000 198
1.160000 194
1.170000 190
1.180000 186
1.190000 182
1.200000 179
1.210000 175
1.220000 172
1.230000 168
1.240000 165
1.250000 161
1.260000 158
1.270000 155
1.280000 151
1.290000 148
1.300000 145
1.310000 142
1.320000 138
1.330000 135
1.340000 132
1.350000 129
1.360000 126
1.370000 123
1.380000 120
1.390000 117
1.400000 114
1.410000 111
1.420000 109
1.430000 106
1.440000 103
1.450000 100
1.460000 97
1.470000 94
1.480000 92
1.490000 89
1.500000 86
1.510000 83
1.520000 80
1.530000 78
1.540000 75
1.550000 72
1.560000 69
1.570000 66
1.580000 63
1.590000 59
1.600000 56
1.610000 52
1.620000 47
1.630000 47
1.640000 48
1.650000 51
1.660000 53
1.670000 54
1.680000 54
1.690000 54
1.700000 56
1.710000 58
1.720000 62
1.730000 65
1.740000 66
1.750000 67
1.760000 69
1.770000 74
1.780000 79
1.790000 82
1.800000 86
1.810000 93
1.820000 94
1.830000 98
1.840000 105
1.850000 118
1.860000 122
1.870000 128
1.880000 148
1.890000 155
1.900000 176
1.910000 190
1.920000 216
1.930000 243
1.940000 287
1.950000 349
1.960000 432
1.970000 590
1.980000 873
1.990000 1745
