293.15 293.150000 293.150000 293.150000 293.150000 293.150000 293.150000 293.150000 293.150000 293.150000 293.150000 293.150000 293.150000 293.150000 293.150000 293.150000 293.150000 293.150000 293.150000 293.150000 293.150000 293.150000 293.150000 293.150000 293.150000 
293.15 293.336015 293.524405 293.717606 293.918182 294.128899 294.352822 294.593430 294.854779 295.141723 295.460222 295.817799 296.224219 296.692545 297.240818 297.894865 298.693182 299.695951 301.002814 302.790792 305.403058 309.579321 317.122329 333.041996 373.150000 
350 293.519656 293.894000 294.277840 294.676225 295.094595 295.538960 296.016119 296.533966 297.101894 297.731369 298.436756 299.236534 300.155143 301.225865 302.495462 304.031913 305.937811 308.374514 311.607295 316.092120 322.641897 332.718001 348.745653 373.150000 
350 293.698608 294.254102 294.823529 295.414283 296.034300 296.692306 297.398124 298.163075 299.000520 299.926607 300.961325 302.130020 303.465631 305.012040 306.829209 309.001197 311.648869 314.950136 319.171757 324.716230 332.178147 342.362125 356.072616 373.150000 
350 293.870677 294.600270 295.347894 296.123081 296.936018 297.797844 298.720999 299.719693 300.810507 302.013218 303.351921 304.856595 306.565325 308.527458 310.808138 313.494801 316.706333 320.605407 325.413370 331.422897 338.992336 348.479737 360.032684 373.150000 
293.150000 294.033833 294.928410 295.844700 296.794130 297.788852 298.842056 299.968341 301.184195 302.508602 303.963843 305.576548 307.379118 309.411621 311.724333 314.381086 317.463541 321.076256 325.351791 330.453419 336.569655 343.888563 352.531803 362.428385 373.150000 
293.150000 294.186244 295.234840 296.308368 297.419890 298.583210 299.813190 301.126117 302.540147 304.075870 305.757008 307.611315 309.671712 311.977711 314.577170 317.528338 320.902022 324.783364 329.272084 334.478862 340.513743 347.460458 355.330526 363.999053 373.150000 
293.150000 294.326307 295.516339 296.734047 297.993855 299.310911 300.701384 302.182795 303.774413 305.497727 307.377008 309.439998 311.718708 314.250346 317.078303 320.253079 323.832848 327.883096 332.474322 337.676203 343.546000 350.109002 357.330791 365.087301 373.150000 
293.150000 294.452648 295.770164 297.117631 298.510575 299.965200 301.498644 303.129271 304.876990 306.763621 308.813306 311.052966 313.512783 316.226667 319.232621 322.572830 326.293200 330.441853 335.065908 340.205630 345.885052 352.098761 358.796336 365.869359 373.150000 
293.150000 294.564123 295.994040 297.455742 298.965621 300.540674 302.198726 303.958661 305.840661 307.866468 310.059636 312.445784 315.052797 317.910925 321.052687 324.512426 328.325274 332.525212 337.141829 342.195358 347.689820 353.604654 359.886433 366.443799 373.150000 
293.150000 294.659805 296.186134 297.745681 299.355496 301.033153 302.796933 304.665992 306.660533 308.801958 311.112991 313.617743 316.341702 319.311553 322.554782 326.098919 329.970260 334.191896 338.780840 343.744158 349.074215 354.743605 360.700943 366.869403 373.150000 
293.150000 294.738968 296.345012 297.985357 299.677534 301.439516 303.289865 305.247845 307.333527 309.567849 311.972631 314.570503 317.384720 320.438807 323.755976 327.358212 331.264956 335.491276 340.045482 344.926220 350.119281 355.594609 361.304332 367.182868 373.150000 
293.150000 294.801057 296.469591 298.173207 299.929770 301.757519 303.675173 305.702004 307.857887 310.163287 312.639189 315.306925 318.187872 321.302987 324.672108 328.313003 332.240081 336.462775 340.983593 345.795960 350.882082 356.211217 361.738909 367.407738 373.150000 
293.150000 294.845673 296.559091 298.308114 300.110824 301.985623 303.951308 306.027118 308.232735 310.588229 313.113920 315.830141 318.756865 321.913165 325.316473 328.981614 332.919594 337.136153 341.630158 346.391950 351.401871 356.629270 362.032350 367.559173 373.150000 
293.150000 294.872545 296.612991 298.389339 300.219794 302.122845 304.117324 306.222431 308.457714 310.842980 313.398126 316.142860 319.096288 322.276340 325.699009 329.377392 333.320531 337.532088 342.008939 346.739813 351.704182 356.871642 362.202047 367.646606 373.150000 
293.150000 294.881520 296.630990 298.416461 300.256174 302.168646 304.172718 306.287574 308.532716 310.927857 313.492751 316.246892 319.209094 322.396903 325.825836 329.508420 333.453055 337.662733 342.133699 346.854183 351.803405 356.951071 362.257592 367.675201 373.150000 
293.150000 294.872547 296.612994 298.389343 300.219800 302.122852 304.117331 306.222439 308.457723 310.842989 313.398136 316.142870 319.096297 322.276349 325.699017 329.377400 333.320538 337.532095 342.008944 346.739818 351.704186 356.871645 362.202049 367.646607 373.150000 
293.150000 294.845676 296.559097 298.308123 300.110835 301.985636 303.951322 306.027134 308.232752 310.588247 313.113938 315.830159 318.756883 321.913182 325.316489 328.981630 332.919608 337.136165 341.630169 346.391959 351.401878 356.629275 362.032354 367.559175 373.150000 
293.150000 294.801062 296.469599 298.173219 299.929785 301.757538 303.675194 305.702027 307.857912 310.163313 312.639216 315.306951 318.187899 321.303012 324.672133 328.313025 332.240102 336.462793 340.983609 345.795974 350.882093 356.211225 361.738915 367.407740 373.150000 
293.150000 294.738974 296.345022 297.985373 299.677554 301.439540 303.289893 305.247875 307.333559 309.567883 311.972665 314.570537 317.384753 320.438840 323.756007 327.358242 331.264983 335.491300 340.045502 344.926237 350.119295 355.594619 361.304339 367.182872 373.150000 
293.150000 294.659812 296.186147 297.745700 299.355520 301.033182 302.796965 304.666027 306.660571 308.801998 311.113031 313.617784 316.341742 319.311591 322.554819 326.098954 329.970292 334.191925 338.780865 343.744179 349.074232 354.743618 360.700951 366.869407 373.150000 
293.150000 294.564130 295.994054 297.455763 298.965647 300.540706 302.198763 303.958701 305.840704 307.866512 310.059681 312.445829 315.052842 317.910968 321.052729 324.512465 328.325309 332.525244 337.141857 342.195382 347.689839 353.604669 359.886442 366.443803 373.150000 
293.150000 294.452656 295.770179 297.117654 298.510604 299.965234 301.498683 303.129314 304.877036 306.763669 308.813355 311.053015 313.512832 316.226714 319.232665 322.572872 326.293239 330.441887 335.065938 340.205655 345.885072 352.098776 358.796346 365.869364 373.150000 
293.150000 294.326315 295.516355 296.734070 297.993884 299.310946 300.701424 302.182839 303.774460 305.497776 307.377058 309.440048 311.718758 314.250394 317.078349 320.253122 323.832888 327.883131 332.474353 337.676229 343.546021 350.109018 357.330802 365.087306 373.150000 
293.150000 294.186253 295.234855 296.308391 297.419919 298.583245 299.813230 301.126161 302.540194 304.075918 305.757057 307.611365 309.671761 311.977759 314.577215 317.528381 320.902061 324.783399 329.272114 334.478887 340.513764 347.460474 355.330537 363.999058 373.150000 
293.150000 294.033840 294.928425 295.844721 296.794157 297.788885 298.842093 299.968382 301.184239 302.508648 303.963890 305.576595 307.379164 309.411666 311.724376 314.381127 317.463577 321.076289 325.351820 330.453443 336.569675 343.888577 352.531812 362.428390 373.150000 
293.150000 293.870684 294.600284 295.347914 296.123105 296.936048 297.797878 298.721036 299.719732 300.810549 302.013260 303.351963 304.856637 306.565366 308.527497 310.808174 313.494834 316.706362 320.605433 325.413391 331.422915 338.992349 348.479746 360.032689 373.150000 
293.150000 293.698614 294.254113 294.823545 295.414303 296.034325 296.692334 297.398155 298.163108 299.000554 299.926642 300.961360 302.130055 303.465665 305.012072 306.829239 309.001225 311.648893 314.950158 319.171776 324.716245 332.178158 342.362132 356.072619 373.150000 
293.150000 293.519660 293.894008 294.277851 294.676240 295.094613 295.538980 296.016142 296.533990 297.101919 297.731395 298.436782 299.236559 300.155168 301.225889 302.495484 304.031933 305.937829 308.374529 311.607309 316.092130 322.641905 332.718006 348.745656 373.150000 
293.150000 293.336017 293.524410 293.717613 293.918190 294.128909 294.352833 294.593442 294.854792 295.141737 295.460236 295.817813 296.224232 296.692558 297.240831 297.894877 298.693193 299.695961 301.002822 302.790799 305.403064 309.579325 317.122332 333.041997 373.150000 
293.150000 293.150000 293.150000 293.150000 293.150000 293.150000 293.150000 293.150000 293.150000 293.150000 293.150000 293.150000 293.150000 293.150000 293.150000 293.150000 293.150000 293.150000 293.150000 293.150000 293.150000 293.150000 293.150000 293.150000 293.150000 
