-1.000000 1.000000 0.000000 1.000000
-0.995000 1.000000 0.000000 1.000000
-0.990000 1.000000 0.000000 1.000000
-0.985000 1.000000 0.000000 1.000000
-0.980000 1.000000 0.000000 1.000000
-0.975000 1.000000 0.000000 1.000000
-0.970000 1.000000 0.000000 1.000000
-0.965000 1.000000 0.000000 1.000000
-0.960000 1.000000 0.000000 1.000000
-0.955000 1.000000 0.000000 1.000000
-0.950000 1.000000 0.000000 1.000000
-0.945000 1.000000 0.000000 1.000000
-0.940000 1.000000 0.000000 1.000000
-0.935000 1.000000 0.000000 1.000000
-0.930000 1.000000 0.000000 1.000000
-0.925000 1.000000 0.000000 1.000000
-0.920000 1.000000 0.000000 1.000000
-0.915000 1.000000 0.000000 1.000000
-0.910000 1.000000 0.000000 1.000000
-0.905000 1.000000 0.000000 1.000000
-0.900000 1.000000 0.000000 1.000000
-0.895000 1.000000 0.000000 1.000000
-0.890000 1.000000 0.000000 1.000000
-0.885000 1.000000 0.000000 1.000000
-0.880000 1.000000 0.000000 1.000000
-0.875000 1.000000 0.000000 1.000000
-0.870000 1.000000 0.000000 1.000000
-0.865000 1.000000 0.000000 1.000000
-0.860000 1.000000 0.000000 1.000000
-0.855000 1.000000 0.000000 1.000000
-0.850000 1.000000 0.000000 1.000000
-0.845000 1.000000 0.000000 1.000000
-0.840000 1.000000 0.000000 1.000000
-0.835000 1.000000 0.000000 1.000000
-0.830000 1.000000 0.000000 1.000000
-0.825000 1.000000 0.000000 1.000000
-0.820000 1.000000 0.000000 1.000000
-0.815000 1.000000 0.000000 1.000000
-0.810000 1.000000 0.000000 1.000000
-0.805000 1.000000 0.000000 1.000000
-0.800000 1.000000 0.000000 1.000000
-0.795000 1.000000 0.000000 1.000000
-0.790000 1.000000 0.000000 1.000000
-0.785000 1.000000 0.000000 1.000000
-0.780000 1.000000 0.000000 1.000000
-0.775000 1.000000 0.000000 1.000000
-0.770000 1.000000 0.000000 1.000000
-0.765000 1.000000 0.000000 1.000000
-0.760000 1.000000 0.000000 1.000000
-0.755000 1.000000 0.000000 1.000000
-0.750000 1.000000 0.000000 1.000000
-0.745000 1.000000 0.000000 1.000000
-0.740000 1.000000 0.000000 1.000000
-0.735000 1.000000 0.000000 1.000000
-0.730000 1.000000 0.000000 1.000000
-0.725000 1.000000 0.000000 1.000000
-0.720000 1.000000 0.000000 1.000000
-0.715000 1.000000 0.000000 1.000000
-0.710000 1.000000 0.000000 1.000000
-0.705000 1.000000 0.000000 1.000000
-0.700000 1.000000 0.000000 1.000000
-0.695000 1.000000 0.000000 1.000000
-0.690000 1.000000 0.000000 1.000000
-0.685000 1.000000 0.000000 1.000000
-0.680000 1.000000 0.000000 1.000000
-0.675000 1.000000 0.000000 1.000000
-0.670000 1.000000 0.000000 1.000000
-0.665000 1.000000 0.000000 1.000000
-0.660000 1.000000 0.000000 1.000000
-0.655000 1.000000 0.000000 1.000000
-0.650000 1.000000 0.000000 1.000000
-0.645000 1.000000 0.000000 1.000000
-0.640000 1.000000 0.000000 1.000000
-0.635000 1.000000 0.000000 1.000000
-0.630000 1.000000 0.000000 1.000000
-0.625000 1.000000 0.000000 1.000000
-0.620000 1.000000 0.000000 1.000000
-0.615000 1.000000 0.000000 1.000000
-0.610000 1.000000 0.000000 1.000000
-0.605000 1.000000 0.000000 1.000000
-0.600000 1.000000 0.000000 1.000000
-0.595000 1.000000 0.000000 1.000000
-0.590000 1.000000 0.000000 1.000000
-0.585000 1.000000 0.000000 1.000000
-0.580000 1.000000 0.000000 1.000000
-0.575000 1.000000 0.000000 1.000000
-0.570000 1.000000 0.000000 1.000000
-0.565000 1.000000 0.000000 1.000000
-0.560000 1.000000 0.000000 1.000000
-0.555000 1.000000 0.000000 1.000000
-0.550000 1.000000 0.000000 1.000000
-0.545000 1.000000 0.000000 1.000000
-0.540000 1.000000 0.000000 1.000000
-0.535000 1.000000 0.000000 1.000000
-0.530000 1.000000 0.000000 1.000000
-0.525000 1.000000 0.000000 1.000000
-0.520000 1.000000 0.000000 1.000000
-0.515000 1.000000 0.000000 1.000000
-0.510000 1.000000 0.000000 1.000000
-0.505000 1.000000 0.000000 1.000000
-0.500000 1.000000 0.000000 1.000000
-0.495000 1.000000 0.000000 1.000000
-0.490000 1.000000 0.000000 1.000000
-0.485000 1.000000 0.000000 1.000000
-0.480000 1.000000 0.000000 1.000000
-0.475000 1.000000 0.000000 1.000000
-0.470000 1.000000 0.000000 1.000000
-0.465000 1.000000 0.000000 1.000000
-0.460000 1.000000 0.000000 1.000000
-0.455000 1.000000 0.000000 1.000000
-0.450000 1.000000 0.000000 1.000000
-0.445000 1.000000 0.000000 1.000000
-0.440000 1.000000 0.000000 1.000000
-0.435000 1.000000 0.000000 1.000000
-0.430000 1.000000 0.000000 1.000000
-0.425000 1.000000 0.000000 1.000000
-0.420000 1.000000 0.000000 1.000000
-0.415000 1.000000 0.000000 1.000000
-0.410000 1.000000 0.000000 1.000000
-0.405000 1.000000 0.000000 1.000000
-0.400000 1.000000 0.000000 1.000000
-0.395000 1.000000 0.000000 1.000000
-0.390000 1.000000 0.000000 1.000000
-0.385000 1.000000 0.000000 1.000000
-0.380000 1.000000 0.000000 1.000000
-0.375000 1.000000 0.000000 1.000000
-0.370000 1.000000 0.000000 1.000000
-0.365000 1.000000 0.000000 1.000000
-0.360000 1.000000 0.000000 1.000000
-0.355000 1.000000 0.000000 1.000000
-0.350000 1.000000 0.000000 1.000000
-0.345000 1.000000 0.000000 1.000000
-0.340000 1.000000 0.000000 1.000000
-0.335000 1.000000 0.000000 1.000000
-0.330000 1.000000 0.000000 1.000000
-0.325000 1.000000 0.000000 1.000000
-0.320000 1.000000 0.000000 1.000000
-0.315000 1.000000 0.000000 1.000000
-0.310000 1.000000 0.000000 1.000000
-0.305000 1.000000 0.000000 1.000000
-0.300000 1.000000 0.000000 1.000000
-0.295000 1.000000 0.000000 1.000000
-0.290000 1.000000 0.000000 1.000000
-0.285000 1.000000 0.000000 1.000000
-0.280000 1.000000 0.000000 1.000000
-0.275000 1.000000 0.000000 0.999999
-0.270000 0.999999 0.000001 0.999999
-0.265000 0.999999 0.000001 0.999999
-0.260000 0.999999 0.000002 0.999998
-0.255000 0.999998 0.000002 0.999998
-0.250000 0.999997 0.000003 0.999997
-0.245000 0.999996 0.000005 0.999994
-0.240000 0.999991 0.000011 0.999987
-0.235000 0.999981 0.000025 0.999971
-0.230000 0.999959 0.000052 0.999940
-0.225000 0.999913 0.000110 0.999873
-0.220000 0.999820 0.000225 0.999739
-0.215000 0.999643 0.000447 0.999479
-0.210000 0.999313 0.000858 0.998997
-0.205000 0.998720 0.001594 0.998134
-0.200000 0.997691 0.002857 0.996654
-0.195000 0.995988 0.004935 0.994219
-0.190000 0.993298 0.008200 0.990397
-0.185000 0.989250 0.013100 0.984680
-0.180000 0.983449 0.020110 0.976542
-0.175000 0.975538 0.029677 0.965518
-0.170000 0.965263 0.042146 0.951299
-0.165000 0.952520 0.057717 0.933785
-0.160000 0.937359 0.076432 0.913095
-0.155000 0.919952 0.098221 0.889497
-0.150000 0.900693 0.122930 0.863383
-0.145000 0.880560 0.149015 0.836501
-0.140000 0.860413 0.175643 0.809819
-0.135000 0.840413 0.202576 0.783585
-0.130000 0.820633 0.229730 0.757885
-0.125000 0.801119 0.257039 0.732771
-0.120000 0.781891 0.284471 0.708267
-0.115000 0.762971 0.311996 0.684387
-0.110000 0.744382 0.339583 0.661146
-0.105000 0.726125 0.367204 0.638568
-0.100000 0.708081 0.394839 0.616658
-0.095000 0.690606 0.422394 0.595449
-0.090000 0.673426 0.449985 0.574815
-0.085000 0.656565 0.477618 0.554782
-0.080000 0.640041 0.505269 0.535341
-0.075000 0.623842 0.532928 0.516474
-0.070000 0.607975 0.560589 0.498186
-0.065000 0.592446 0.588227 0.480463
-0.060000 0.577238 0.615837 0.463288
-0.055000 0.562371 0.643439 0.446684
-0.050000 0.547862 0.670959 0.430622
-0.045000 0.533657 0.698357 0.415060
-0.040000 0.519776 0.725776 0.400061
-0.035000 0.506342 0.753069 0.385634
-0.030000 0.493258 0.779873 0.371714
-0.025000 0.480533 0.806493 0.358414
-0.020000 0.468625 0.832334 0.346048
-0.015000 0.457438 0.856669 0.334604
-0.010000 0.447742 0.878439 0.324502
-0.005000 0.439109 0.897376 0.316132
0.000000 0.432975 0.911788 0.309806
0.005000 0.428441 0.922181 0.305431
0.010000 0.425990 0.928056 0.302778
0.015000 0.424342 0.931428 0.301447
0.020000 0.424049 0.932467 0.300853
0.025000 0.424671 0.930844 0.301613
0.030000 0.425565 0.928716 0.302572
0.035000 0.426302 0.927146 0.303197
0.040000 0.426440 0.926623 0.303444
0.045000 0.426432 0.926451 0.303497
0.050000 0.426307 0.926539 0.303451
0.055000 0.426067 0.926986 0.303271
0.060000 0.425918 0.927308 0.303130
0.065000 0.425817 0.927489 0.303047
0.070000 0.425723 0.927596 0.302990
0.075000 0.425575 0.927636 0.302971
0.080000 0.425257 0.927690 0.302949
0.085000 0.424579 0.927799 0.302907
0.090000 0.423275 0.927935 0.302855
0.095000 0.420948 0.928049 0.302817
0.100000 0.416994 0.928155 0.302786
0.105000 0.410569 0.928317 0.302728
0.110000 0.400650 0.928562 0.302666
0.115000 0.386293 0.928960 0.302565
0.120000 0.366852 0.929377 0.302483
0.125000 0.342028 0.929791 0.302399
0.130000 0.312983 0.930643 0.302143
0.135000 0.290533 0.930030 0.302316
0.140000 0.276846 0.929384 0.302560
0.145000 0.269293 0.928745 0.302757
0.150000 0.265617 0.928166 0.302889
0.155000 0.264146 0.927673 0.302943
0.160000 0.263791 0.927342 0.302975
0.165000 0.263857 0.927196 0.303004
0.170000 0.264117 0.927104 0.303027
0.175000 0.264618 0.927079 0.303029
0.180000 0.265142 0.927127 0.303031
0.185000 0.265415 0.927200 0.303035
0.190000 0.265522 0.927233 0.303034
0.195000 0.265551 0.927215 0.303027
0.200000 0.265546 0.927203 0.303007
0.205000 0.265501 0.927104 0.302981
0.210000 0.265398 0.926900 0.302921
0.215000 0.265242 0.926436 0.302770
0.220000 0.264955 0.925246 0.302343
0.225000 0.264195 0.921857 0.301087
0.230000 0.261917 0.911728 0.297374
0.235000 0.255152 0.881202 0.286546
0.240000 0.236183 0.789388 0.256503
0.245000 0.190445 0.525431 0.186820
0.250000 0.145149 0.188713 0.125625
0.255000 0.129840 0.044572 0.105681
0.260000 0.125987 0.008871 0.101115
0.265000 0.125189 0.001694 0.100212
0.270000 0.125034 0.000323 0.100040
0.275000 0.125006 0.000063 0.100008
0.280000 0.125001 0.000013 0.100002
0.285000 0.125001 0.000006 0.100001
0.290000 0.125000 0.000003 0.100000
0.295000 0.125000 0.000001 0.100000
0.300000 0.125000 0.000001 0.100000
0.305000 0.125000 0.000000 0.100000
0.310000 0.125000 0.000000 0.100000
0.315000 0.125000 0.000000 0.100000
0.320000 0.125000 0.000000 0.100000
0.325000 0.125000 0.000000 0.100000
0.330000 0.125000 0.000000 0.100000
0.335000 0.125000 0.000000 0.100000
0.340000 0.125000 0.000000 0.100000
0.345000 0.125000 0.000000 0.100000
0.350000 0.125000 0.000000 0.100000
0.355000 0.125000 0.000000 0.100000
0.360000 0.125000 0.000000 0.100000
0.365000 0.125000 0.000000 0.100000
0.370000 0.125000 0.000000 0.100000
0.375000 0.125000 0.000000 0.100000
0.380000 0.125000 0.000000 0.100000
0.385000 0.125000 0.000000 0.100000
0.390000 0.125000 0.000000 0.100000
0.395000 0.125000 0.000000 0.100000
0.400000 0.125000 0.000000 0.100000
0.405000 0.125000 0.000000 0.100000
0.410000 0.125000 0.000000 0.100000
0.415000 0.125000 0.000000 0.100000
0.420000 0.125000 0.000000 0.100000
0.425000 0.125000 0.000000 0.100000
0.430000 0.125000 0.000000 0.100000
0.435000 0.125000 0.000000 0.100000
0.440000 0.125000 0.000000 0.100000
0.445000 0.125000 0.000000 0.100000
0.450000 0.125000 0.000000 0.100000
0.455000 0.125000 0.000000 0.100000
0.460000 0.125000 0.000000 0.100000
0.465000 0.125000 0.000000 0.100000
0.470000 0.125000 0.000000 0.100000
0.475000 0.125000 0.000000 0.100000
0.480000 0.125000 0.000000 0.100000
0.485000 0.125000 0.000000 0.100000
0.490000 0.125000 0.000000 0.100000
0.495000 0.125000 0.000000 0.100000
0.500000 0.125000 0.000000 0.100000
0.505000 0.125000 0.000000 0.100000
0.510000 0.125000 0.000000 0.100000
0.515000 0.125000 0.000000 0.100000
0.520000 0.125000 0.000000 0.100000
0.525000 0.125000 0.000000 0.100000
0.530000 0.125000 0.000000 0.100000
0.535000 0.125000 0.000000 0.100000
0.540000 0.125000 0.000000 0.100000
0.545000 0.125000 0.000000 0.100000
0.550000 0.125000 0.000000 0.100000
0.555000 0.125000 0.000000 0.100000
0.560000 0.125000 0.000000 0.100000
0.565000 0.125000 0.000000 0.100000
0.570000 0.125000 0.000000 0.100000
0.575000 0.125000 0.000000 0.100000
0.580000 0.125000 0.000000 0.100000
0.585000 0.125000 0.000000 0.100000
0.590000 0.125000 0.000000 0.100000
0.595000 0.125000 0.000000 0.100000
0.600000 0.125000 0.000000 0.100000
0.605000 0.125000 0.000000 0.100000
0.610000 0.125000 0.000000 0.100000
0.615000 0.125000 0.000000 0.100000
0.620000 0.125000 0.000000 0.100000
0.625000 0.125000 0.000000 0.100000
0.630000 0.125000 0.000000 0.100000
0.635000 0.125000 0.000000 0.100000
0.640000 0.125000 0.000000 0.100000
0.645000 0.125000 0.000000 0.100000
0.650000 0.125000 0.000000 0.100000
0.655000 0.125000 0.000000 0.100000
0.660000 0.125000 0.000000 0.100000
0.665000 0.125000 0.000000 0.100000
0.670000 0.125000 0.000000 0.100000
0.675000 0.125000 0.000000 0.100000
0.680000 0.125000 0.000000 0.100000
0.685000 0.125000 0.000000 0.100000
0.690000 0.125000 0.000000 0.100000
0.695000 0.125000 0.000000 0.100000
0.700000 0.125000 0.000000 0.100000
0.705000 0.125000 0.000000 0.100000
0.710000 0.125000 0.000000 0.100000
0.715000 0.125000 0.000000 0.100000
0.720000 0.125000 0.000000 0.100000
0.725000 0.125000 0.000000 0.100000
0.730000 0.125000 0.000000 0.100000
0.735000 0.125000 0.000000 0.100000
0.740000 0.125000 0.000000 0.100000
0.745000 0.125000 0.000000 0.100000
0.750000 0.125000 0.000000 0.100000
0.755000 0.125000 0.000000 0.100000
0.760000 0.125000 0.000000 0.100000
0.765000 0.125000 0.000000 0.100000
0.770000 0.125000 0.000000 0.100000
0.775000 0.125000 0.000000 0.100000
0.780000 0.125000 0.000000 0.100000
0.785000 0.125000 0.000000 0.100000
0.790000 0.125000 0.000000 0.100000
0.795000 0.125000 0.000000 0.100000
0.800000 0.125000 0.000000 0.100000
0.805000 0.125000 0.000000 0.100000
0.810000 0.125000 0.000000 0.100000
0.815000 0.125000 0.000000 0.100000
0.820000 0.125000 0.000000 0.100000
0.825000 0.125000 0.000000 0.100000
0.830000 0.125000 0.000000 0.100000
0.835000 0.125000 0.000000 0.100000
0.840000 0.125000 0.000000 0.100000
0.845000 0.125000 0.000000 0.100000
0.850000 0.125000 0.000000 0.100000
0.855000 0.125000 0.000000 0.100000
0.860000 0.125000 0.000000 0.100000
0.865000 0.125000 0.000000 0.100000
0.870000 0.125000 0.000000 0.100000
0.875000 0.125000 0.000000 0.100000
0.880000 0.125000 0.000000 0.100000
0.885000 0.125000 0.000000 0.100000
0.890000 0.125000 0.000000 0.100000
0.895000 0.125000 0.000000 0.100000
0.900000 0.125000 0.000000 0.100000
0.905000 0.125000 0.000000 0.100000
0.910000 0.125000 0.000000 0.100000
0.915000 0.125000 0.000000 0.100000
0.920000 0.125000 0.000000 0.100000
0.925000 0.125000 0.000000 0.100000
0.930000 0.125000 0.000000 0.100000
0.935000 0.125000 0.000000 0.100000
0.940000 0.125000 0.000000 0.100000
0.945000 0.125000 0.000000 0.100000
0.950000 0.125000 0.000000 0.100000
0.955000 0.125000 0.000000 0.100000
0.960000 0.125000 0.000000 0.100000
0.965000 0.125000 0.000000 0.100000
0.970000 0.125000 0.000000 0.100000
0.975000 0.125000 0.000000 0.100000
0.980000 0.125000 0.000000 0.100000
0.985000 0.125000 0.000000 0.100000
0.990000 0.125000 0.000000 0.100000
0.995000 0.125000 0.000000 0.100000
